pKd1        0.00000 -0.92248  0.03572 -0.01996 -0.05741  0.34447 -0.34294  0.03710  0.99256 -0.99353
n1         -0.92248  0.00000  0.05857  0.06478  0.07210 -0.25597  0.25300  0.19164 -0.91410  0.90864
pKd2        0.03572  0.05857  0.00000  0.86133  0.40248  0.89705 -0.89705  0.15598  0.05213 -0.05609
n2         -0.01996  0.06478  0.86133  0.00000  0.75094  0.90042 -0.90392  0.09933 -0.00264  0.00059
f_min1     -0.05741  0.07210  0.40248  0.75094  0.00000  0.60699 -0.61130  0.05862 -0.04578  0.04490
f_max1a     0.34447 -0.25597  0.89705  0.90042  0.60699  0.00000 -0.99969  0.12957  0.35824 -0.36127
f_max1b    -0.34294  0.25300 -0.89705 -0.90392 -0.61130 -0.99969  0.00000 -0.13211 -0.35677  0.35987
f_min2      0.03710  0.19164  0.15598  0.09933  0.05862  0.12957 -0.13211  0.00000  0.11467 -0.12172
f_max2a     0.99256 -0.91410  0.05213 -0.00264 -0.04578  0.35824 -0.35677  0.11467  0.00000 -0.99965
f_max2b    -0.99353  0.90864 -0.05609  0.00059  0.04490 -0.36127  0.35987 -0.12172 -0.99965  0.00000
