alpha1     12198.1309    -0.4306 16015.0367    -2.6492 12547.3007    -9.2521   -78.0228    23.6378**********************     6.8138    -2.3105
tau1          -0.4306     0.1723     1.3229     0.1904     0.8778     0.1505     0.3655    -0.1096  -199.2942  -210.0344    -0.3223    -0.7420
alpha2     16015.0367     1.3229 21050.9635    -1.8725 16491.1270   -10.7089   -99.5230    30.0687**********************     4.3889   -13.1498
tau2          -2.6492     0.1904    -1.8725     0.7286    -2.4175     0.7439     1.1611    -0.3967   292.7566   359.4306    -0.2661    -0.5339
alpha3     12547.3007     0.8778 16491.1270    -2.4175 12920.6095    -9.5882   -80.6595    24.3008**********************     3.8538    -9.8768
tau3          -9.2521     0.1505   -10.7089     0.7439    -9.5882     0.9305     2.4242    -0.7108  1568.5268  1815.6882    -0.3478    -0.3953
mu1          -78.0228     0.3655   -99.5230     1.1611   -80.6595     2.4242    73.6716   -16.4730 12580.3462 16301.3410    -8.7666    -0.1593
sigma1        23.6378    -0.1096    30.0687    -0.3967    24.3008    -0.7108   -16.4730     4.6949 -3980.1813 -4914.4054     1.5127     0.2369
bounds1   ***********  -199.2942***********   292.7566***********  1568.5268 12580.3462 -3980.1813**********************  -408.0979  1903.7086
bounds2   ***********  -210.0344***********   359.4306***********  1815.6882 16301.3410 -4914.4054**********************  -739.4972  2112.7820
qshift1        6.8138    -0.3223     4.3889    -0.2661     3.8538    -0.3478    -8.7666     1.5127  -408.0979  -739.4972     4.1532     1.8435
qshift2       -2.3105    -0.7420   -13.1498    -0.5339    -9.8768    -0.3953    -0.1593     0.2369  1903.7086  2112.7820     1.8435     4.7405
