kon         0.00000 -0.93452 -0.87443 -0.35087  0.20745  0.57055  0.11425
f          -0.93452  0.00000  0.98940  0.39870 -0.33814 -0.38614 -0.03296
v          -0.87443  0.98940  0.00000  0.40605 -0.37069 -0.30013  0.02364
w          -0.35087  0.39870  0.40605  0.00000 -0.14506 -0.42024 -0.24619
offset1     0.20745 -0.33814 -0.37069 -0.14506  0.00000 -0.31122 -0.01527
scale1      0.57055 -0.38614 -0.30013 -0.42024 -0.31122  0.00000  0.02398
S1          0.11425 -0.03296  0.02364 -0.24619 -0.01527  0.02398  0.00000
