kon       *************************************************************************************************************************
koff      *********** 22184.7844   -13.3345    -9.1594   -19.5958  3630.6084    44.4886   250.8467   209.3490 -1724.6901  -269.8575
f         ***********   -13.3345     0.0509     0.2167     0.0215   -10.2242    -0.0239    -0.2612    -0.0799     0.9086    -0.0325
g         ***********    -9.1594     0.2167     1.8713     0.1021   -40.2975    -0.1696    -0.8465     0.1706     0.1004    -1.1289
u         ***********   -19.5958     0.0215     0.1021     0.0254    -5.0797    -0.0462    -0.2899    -0.1927     1.6794     0.1925
v         ***********  3630.6084   -10.2242   -40.2975    -5.0797  2128.0218     7.4068    63.9270    28.7238  -284.6721   -12.5004
w         ***********    44.4886    -0.0239    -0.1696    -0.0462     7.4068     0.2991     0.6557     0.7340    -5.2969    -1.1019
x         ***********   250.8467    -0.2612    -0.8465    -0.2899    63.9270     0.6557     3.6898     2.8108   -23.5410    -3.2041
z         ***********   209.3490    -0.0799     0.1706    -0.1927    28.7238     0.7340     2.8108     2.9280   -22.5724    -4.1396
scale1    *********** -1724.6901     0.9086     0.1004     1.6794  -284.6721    -5.2969   -23.5410   -22.5724   179.7830    30.4427
scale2    ***********  -269.8575    -0.0325    -1.1289     0.1925   -12.5004    -1.1019    -3.2041    -4.1396    30.4427     6.6237
