pKd         0.00000  0.90827  0.72008 -0.79247 -0.98156 -0.97373  0.98298
n           0.90827  0.00000  0.54411 -0.66077 -0.90808 -0.88019  0.90101
pKd2        0.72008  0.54411  0.00000 -0.65927 -0.73536 -0.73134  0.74016
n2         -0.79247 -0.66077 -0.65927  0.00000  0.84420  0.87208 -0.84760
f_min      -0.98156 -0.90808 -0.73536  0.84420  0.00000  0.99673 -0.99974
f_max      -0.97373 -0.88019 -0.73134  0.87208  0.99673  0.00000 -0.99756
bounds2     0.98298  0.90101  0.74016 -0.84760 -0.99974 -0.99756  0.00000
