alpha1     23700.0905     0.3509 32099.3237    32.1886 24625.7458    64.1985***********    12.3105
tau1           0.3509     0.1842     2.1897     0.2038     1.5390     0.1551  -419.7833    -0.7904
alpha2     32099.3237     2.1897 43494.7415    45.0326 33366.7155    88.2218***********     7.1805
tau2          32.1886     0.2038    45.0326     0.8194    33.6539     0.8572 -8629.6192    -0.5415
alpha3     24625.7458     1.5390 33366.7155    33.6539 25598.4226    66.5782***********     5.8879
tau3          64.1985     0.1551    88.2218     0.8572    66.5782     1.1067-16936.7971    -0.3785
bounds1   ***********  -419.7833*********** -8629.6192***********-16936.7971*********** -1400.9319
qshift1       12.3105    -0.7904     7.1805    -0.5415     5.8879    -0.3785 -1400.9319     5.5473
