tau1        0.00000 -0.11342  0.25984  0.99653  0.96722 -0.99571 -0.15786
alpha2     -0.11342  0.00000 -0.95306 -0.10855 -0.15038  0.11600  0.95032
tau2        0.25984 -0.95306  0.00000  0.25309  0.31390 -0.26848 -0.86135
alpha3      0.99653 -0.10855  0.25309  0.00000  0.97389 -0.99807 -0.15437
tau4        0.96722 -0.15038  0.31390  0.97389  0.00000 -0.98433 -0.18523
bounds1    -0.99571  0.11600 -0.26848 -0.99807 -0.98433  0.00000  0.15812
qshift1    -0.15786  0.95032 -0.86135 -0.15437 -0.18523  0.15812  0.00000
