kon         0.00000 -0.82957  0.60856  0.45741  0.31014 -0.13531  0.11331  0.84498
f          -0.82957  0.00000 -0.21728 -0.87321 -0.33493 -0.32771 -0.39392 -0.46936
u           0.60856 -0.21728  0.00000 -0.22432  0.38873 -0.83173 -0.13467  0.91017
v           0.45741 -0.87321 -0.22432  0.00000  0.23641  0.68708  0.50400 -0.00428
w           0.31014 -0.33493  0.38873  0.23641  0.00000 -0.25987  0.10553  0.43513
x          -0.13531 -0.32771 -0.83173  0.68708 -0.25987  0.00000  0.31595 -0.62488
offset1     0.11331 -0.39392 -0.13467  0.50400  0.10553  0.31595  0.00000 -0.13280
scale1      0.84498 -0.46936  0.91017 -0.00428  0.43513 -0.62488 -0.13280  0.00000
