K1          0.00000 -0.99930 -0.99994 -0.99993  0.00011 -0.99813 -0.00124 -0.99223  0.11113 -0.98711
K2a        -0.99930  0.00000  0.99924  0.99923  0.02387  0.99937  0.00124  0.99154 -0.11105  0.98642
K2b        -0.99994  0.99924  0.00000  0.99987 -0.00011  0.99807  0.00995  0.99297 -0.11112  0.98704
K2c        -0.99993  0.99923  0.99987  0.00000 -0.00011  0.99806  0.00124  0.99216 -0.10210  0.98810
f_min1      0.00011  0.02387 -0.00011 -0.00011  0.00000  0.02505  0.00000 -0.00011  0.00001 -0.00011
f_max1     -0.99813  0.99937  0.99807  0.99806  0.02505  0.00000  0.00124  0.99038 -0.11092  0.98526
f_min2     -0.00124  0.00124  0.00995  0.00124  0.00000  0.00124  0.00000  0.02956 -0.00014  0.00122
f_max2     -0.99223  0.99154  0.99297  0.99216 -0.00011  0.99038  0.02956  0.00000 -0.11026  0.97944
f_min3      0.11113 -0.11105 -0.11112 -0.10210  0.00001 -0.11092 -0.00014 -0.11026  0.00000 -0.07572
f_max3     -0.98711  0.98642  0.98704  0.98810 -0.00011  0.98526  0.00122  0.97944 -0.07572  0.00000
