alpha1     25982.3365    -0.7779 33086.7459     1.2927 25877.7939    -1.6131***********    12.5410
tau1          -0.7779     0.1677     0.8214     0.1969     0.4812     0.1575  -140.4285    -0.7408
alpha2     33086.7459     0.8214 42156.9963     3.3442 32970.0538    -0.4868***********     6.0440
tau2           1.2927     0.1969     3.3442     0.8407     1.5134     0.8916  -516.4782    -0.5637
alpha3     25877.7939     0.4812 32970.0538     1.5134 25786.9812    -1.7997***********     5.1709
tau3          -1.6131     0.1575    -0.4868     0.8916    -1.7997     1.1340   197.1923    -0.4301
bounds1   ***********  -140.4285***********  -516.4782***********   197.1923*********** -1087.4778
qshift1       12.5410    -0.7408     6.0440    -0.5637     5.1709    -0.4301 -1087.4778     4.8458
