kon       ************************************************************************************************************************************
koff      *********************************   711.0673  8403.4460  -415.0459-13976.1021  -279.1868   172.0923    75.6007 15842.5003  3911.4532
f         **********************  5979.4710    -3.4172 -1237.0935     8.9695   324.0131    51.5743    -9.7066    -3.8105  -368.2664   -88.4080
u         ***********   711.0673    -3.4172     0.0550     2.9349     0.0013     0.4879     0.1392     0.0102     0.0048     0.1043     0.0070
v         ***********  8403.4460 -1237.0935     2.9349   680.8669    -1.8803    15.2783    -0.5033     3.9334     1.3857    57.3663    15.2295
w         ***********  -415.0459     8.9695     0.0013    -1.8803     0.0790     0.4182     0.1109    -0.0175     0.0077    -0.5543    -0.4006
x         ***********-13976.1021   324.0131     0.4879    15.2783     0.4182    35.7333     5.5309    -0.2062    -0.1249   -23.8632    -5.1602
z         ***********  -279.1868    51.5743     0.1392    -0.5033     0.1109     5.5309     1.0376    -0.0553    -0.0176    -3.7000    -0.9852
offset1   ***********   172.0923    -9.7066     0.0102     3.9334    -0.0175    -0.2062    -0.0553     0.0496     0.0102     0.4915     0.1410
offset2   ***********    75.6007    -3.8105     0.0048     1.3857     0.0077    -0.1249    -0.0176     0.0102     0.0268     0.2087    -0.0267
scale1    *********** 15842.5003  -368.2664     0.1043    57.3663    -0.5543   -23.8632    -3.7000     0.4915     0.2087    23.7101     5.6146
scale2    ***********  3911.4532   -88.4080     0.0070    15.2295    -0.4006    -5.1602    -0.9852     0.1410    -0.0267     5.6146     2.4855
