kon         0.00000 -1.00000 -0.97569  0.97757  0.97710 -0.02850 -0.60421 -0.04593  0.25636  0.96991  0.55976
koff       -1.00000  0.00000  0.97571 -0.97757 -0.97727  0.02757  0.60434  0.04618 -0.25554 -0.96961 -0.55933
f          -0.97569  0.97571  0.00000 -0.99937 -0.97506 -0.13906  0.62010 -0.02542 -0.10266 -0.95275 -0.50429
g           0.97757 -0.97757 -0.99937  0.00000  0.97419  0.12146 -0.64292  0.02362  0.10518  0.95979  0.53457
u           0.97710 -0.97727 -0.97506  0.97419  0.00000  0.14725 -0.58209 -0.08086  0.09101  0.93511  0.48571
v          -0.02850  0.02757 -0.13906  0.12146  0.14725  0.00000 -0.03940  0.08167 -0.87126 -0.12299 -0.39499
w          -0.60421  0.60434  0.62010 -0.64292 -0.58209 -0.03940  0.00000 -0.02942  0.20563 -0.64316 -0.86055
x          -0.04593  0.04618 -0.02542  0.02362 -0.08086  0.08167 -0.02942  0.00000 -0.06396 -0.00814 -0.03418
z           0.25636 -0.25554 -0.10266  0.10518  0.09101 -0.87126  0.20563 -0.06396  0.00000  0.28134  0.16023
scale1      0.96991 -0.96961 -0.95275  0.95979  0.93511 -0.12299 -0.64316 -0.00814  0.28134  0.00000  0.67452
scale2      0.55976 -0.55933 -0.50429  0.53457  0.48571 -0.39499 -0.86055 -0.03418  0.16023  0.67452  0.00000
