kon         0.00000 -0.88849 -0.28980  0.66840 -0.41250 -0.10167 -0.08222  0.44282  0.48698
f          -0.88849  0.00000  0.69378 -0.34685  0.45863 -0.09462  0.01882 -0.55605 -0.24571
v          -0.28980  0.69378  0.00000  0.35974  0.31847 -0.32178 -0.09146 -0.52079  0.27634
w           0.66840 -0.34685  0.35974  0.00000  0.13506 -0.18456 -0.14206 -0.14157  0.73464
z          -0.41250  0.45863  0.31847  0.13506  0.00000  0.00674 -0.02026 -0.24878  0.09978
offset1    -0.10167 -0.09462 -0.32178 -0.18456  0.00674  0.00000  0.05001 -0.26644 -0.14082
offset2    -0.08222  0.01882 -0.09146 -0.14206 -0.02026  0.05001  0.00000  0.02753 -0.60079
scale1      0.44282 -0.55605 -0.52079 -0.14157 -0.24878 -0.26644  0.02753  0.00000 -0.10533
scale2      0.48698 -0.24571  0.27634  0.73464  0.09978 -0.14082 -0.60079 -0.10533  0.00000
